[Data]
Maximum = 30
Stock = 30
Consumption = 3
Price = 1000
TradingType = 0
Item = 16
Name = 25
PosZ = 10.820300
PosY = 939.945983
PosX = 1704.660034
