td_0_string=mdl-2002:Armor-100
td_0_data=612.000000 20.000000 4 0 1 0 0.600000 2.000000 -1 255 50 1 25.000000 32.500000 0 1 1 0 1 1 -10.000000 0.000000 -20.000000 1.000000 255 255 50 textdraw_0
td_1_string=mdl-2002:Health-50
td_1_data=612.000000 50.000000 4 0 1 0 0.600000 2.000000 -1 255 50 1 25.000000 32.500000 0 1 1 0 1 1 -10.000000 0.000000 -20.000000 1.000000 255 255 50 textdraw_1
td_2_string=mdl-2002:Ping
td_2_data=612.000000 80.000000 4 1 1 0 0.600000 2.000000 -1 255 50 1 25.000000 32.500000 0 1 1 0 1 1 -10.000000 0.000000 -20.000000 1.000000 255 255 50 textdraw_2
td_3_string=mdl-2002:Packet Loss
td_3_data=612.000000 110.000000 4 1 1 0 0.600000 2.000000 -1 255 50 1 25.000000 32.500000 0 1 1 0 1 1 -10.000000 0.000000 -20.000000 1.000000 255 255 50 textdraw_3
td_4_string=75
td_4_data=625.000000 42.000000 1 0 1 0 0.208333 1.100000 -1 255 50 0 400.000000 17.000000 0 2 1 0 1 1 -10.000000 0.000000 -20.000000 1.000000 255 255 50 textdraw_4
td_5_string=50
td_5_data=625.000000 72.000000 1 0 1 0 0.208333 1.100000 -1 255 50 0 400.000000 17.000000 0 2 1 0 1 1 -10.000000 0.000000 -20.000000 1.000000 255 255 50 textdraw_5
td_6_string=50
td_6_data=625.000000 99.000000 1 0 1 0 0.208333 1.100000 -1 255 50 0 400.000000 17.000000 0 2 1 0 1 1 -10.000000 0.000000 -20.000000 1.000000 255 255 50 textdraw_6
td_7_string=1.60
td_7_data=625.000000 129.000000 1 0 1 0 0.208333 1.100000 -1 255 50 0 400.000000 17.000000 0 2 1 0 1 1 -10.000000 0.000000 -20.000000 1.000000 255 255 50 textdraw_7
td_8_string=02:16:30 PM
td_8_data=547.000000 23.000000 2 0 1 0 0.220830 1.849998 -1 255 50 0 617.000000 12.500000 0 1 1 0 1 1 -10.000000 0.000000 -20.000000 1.000000 255 255 50 textdraw_8
