td_0_string=mdl-2002:Miles
td_0_data=481.000000 361.000000 4 1 1 0 0.600000 2.000000 -1 255 50 1 90.000000 70.000000 0 1 1 0 1 1 -10.000000 0.000000 -20.000000 1.000000 255 255 50 textdraw_0
td_1_string=mdl-2002:Miles2
td_1_data=532.000000 291.000000 4 1 1 0 0.600000 2.000000 -1 255 50 1 90.000000 70.000000 0 1 1 0 1 1 -10.000000 0.000000 -20.000000 1.000000 255 255 50 textdraw_1
td_2_string=mdl-2002:Miles_indicator0
td_2_data=481.000000 361.000000 4 1 1 0 0.600000 2.000000 -1 255 50 1 90.000000 70.000000 0 1 1 0 1 1 -10.000000 0.000000 -20.000000 1.000000 255 255 50 textdraw_2
td_3_string=0 MPH
td_3_data=568.000000 415.000000 2 0 2 0 0.508333 2.449999 -1 255 50 0 405.000000 94.500000 0 3 1 0 1 1 -10.000000 0.000000 -20.000000 1.000000 255 255 50 textdraw_3
td_4_string=600 MI
td_4_data=608.000000 319.000000 2 0 2 0 0.408333 2.149996 -1 255 50 0 400.500000 94.500000 0 3 1 0 1 1 -10.000000 0.000000 -20.000000 1.000000 255 255 50 textdraw_4
td_5_string=mdl-2002:fuel50
td_5_data=575.000000 367.000000 4 0 1 0 0.600000 2.000000 -1 255 50 1 60.000000 60.000000 0 1 1 0 1 1 -10.000000 0.000000 -20.000000 1.000000 255 255 50 textdraw_5
